4.503592406287601491e-01
3.949445093225050218e-01
4.100358410179814617e-01
3.951817696706060867e-01
4.475547132094164771e-01
4.387078477624651307e-01
4.357727531191536441e-01
4.175803823967524364e-01
7.355690322811373472e-01
3.767780854447783656e-01
3.538322039921949491e-01
4.239605805190698185e-01
4.620585360392929219e-01
4.571374953768402860e-01
4.534164776467786706e-01
5.875250818831981858e-01
4.105575287539629525e-01
5.208283785889382678e-01
3.467233559813923671e-01
3.910430664546490909e-01
4.769943361645287982e-01
3.982637560011474953e-01
3.334184403490110249e-01
4.115159462528666379e-01
5.993814762560411014e-01
4.512254335295862173e-01
4.719574247340360129e-01
6.438713274222035432e-01
